tmat 80 4
tmat [0]
 8.963e-01 1.037e-01                  
          9.419e-01 5.808e-02         
                   9.141e-01 8.591e-02
tmat [1]
 9.491e-01 5.088e-02                  
          9.404e-01 5.965e-02         
                   9.498e-01 5.021e-02
tmat [2]
 8.192e-01 1.808e-01                  
          8.834e-01 1.166e-01         
                   9.128e-01 8.723e-02
tmat [3]
 8.317e-01 1.683e-01                  
          9.203e-01 7.971e-02         
                   9.200e-01 7.997e-02
tmat [4]
 8.476e-01 1.524e-01                  
          9.003e-01 9.968e-02         
                   9.036e-01 9.638e-02
tmat [5]
 8.921e-01 1.079e-01                  
          9.261e-01 7.392e-02         
                   9.208e-01 7.915e-02
tmat [6]
 8.119e-01 1.881e-01                  
          7.493e-01 2.507e-01         
                   8.972e-01 1.028e-01
tmat [7]
 9.371e-01 6.287e-02                  
          9.525e-01 4.746e-02         
                   9.297e-01 7.031e-02
tmat [8]
 6.891e-01 3.109e-01                  
          7.659e-01 2.341e-01         
                   7.744e-01 2.256e-01
tmat [9]
 9.480e-01 5.201e-02                  
          9.199e-01 8.008e-02         
                   9.304e-01 6.963e-02
tmat [10]
 8.757e-01 1.243e-01                  
          8.066e-01 1.934e-01         
                   8.761e-01 1.239e-01
tmat [11]
 5.920e-01 4.080e-01                  
          5.314e-01 4.686e-01         
                   6.069e-01 3.931e-01
tmat [12]
 7.509e-01 2.491e-01                  
          6.833e-01 3.167e-01         
                   7.235e-01 2.765e-01
tmat [13]
 8.015e-01 1.985e-01                  
          6.919e-01 3.081e-01         
                   6.658e-01 3.342e-01
tmat [14]
 8.580e-01 1.420e-01                  
          7.211e-01 2.789e-01         
                   7.773e-01 2.227e-01
tmat [15]
 7.830e-01 2.170e-01                  
          7.167e-01 2.833e-01         
                   6.921e-01 3.079e-01
tmat [16]
 8.718e-01 1.282e-01                  
          9.121e-01 8.794e-02         
                   9.406e-01 5.936e-02
tmat [17]
 7.181e-01 2.819e-01                  
          7.182e-01 2.818e-01         
                   7.013e-01 2.987e-01
tmat [18]
 7.222e-01 2.778e-01                  
          7.613e-01 2.387e-01         
                   7.435e-01 2.565e-01
tmat [19]
 8.082e-01 1.918e-01                  
          7.403e-01 2.597e-01         
                   8.873e-01 1.127e-01
tmat [20]
 7.028e-01 2.972e-01                  
          5.909e-01 4.091e-01         
                   6.242e-01 3.758e-01
tmat [21]
 7.937e-01 2.063e-01                  
          7.540e-01 2.460e-01         
                   7.575e-01 2.425e-01
tmat [22]
 6.602e-01 3.398e-01                  
          5.968e-01 4.032e-01         
                   5.722e-01 4.278e-01
tmat [23]
 6.830e-01 3.170e-01                  
          5.556e-01 4.444e-01         
                   5.151e-01 4.849e-01
tmat [24]
 6.987e-01 3.013e-01                  
          5.581e-01 4.419e-01         
                   7.891e-01 2.109e-01
tmat [25]
 8.169e-01 1.831e-01                  
          6.987e-01 3.013e-01         
                   7.242e-01 2.758e-01
tmat [26]
 9.106e-01 8.938e-02                  
          6.239e-01 3.761e-01         
                   6.495e-01 3.505e-01
tmat [27]
 7.593e-01 2.407e-01                  
          7.044e-01 2.956e-01         
                   8.513e-01 1.487e-01
tmat [28]
 6.960e-01 3.040e-01                  
          6.008e-01 3.992e-01         
                   7.400e-01 2.600e-01
tmat [29]
 6.114e-01 3.886e-01                  
          5.802e-01 4.198e-01         
                   6.969e-01 3.031e-01
tmat [30]
 7.434e-01 2.566e-01                  
          5.459e-01 4.541e-01         
                   6.366e-01 3.634e-01
tmat [31]
 8.000e-01 2.000e-01                  
          9.091e-01 9.091e-02         
                   9.444e-01 5.556e-02
tmat [32]
 6.741e-01 3.259e-01                  
          5.711e-01 4.289e-01         
                   6.785e-01 3.215e-01
tmat [33]
 7.666e-01 2.334e-01                  
          7.018e-01 2.982e-01         
                   7.515e-01 2.485e-01
tmat [34]
 7.172e-01 2.828e-01                  
          5.159e-01 4.841e-01         
                   5.897e-01 4.103e-01
tmat [35]
 7.030e-01 2.970e-01                  
          6.566e-01 3.434e-01         
                   7.291e-01 2.709e-01
tmat [36]
 6.939e-01 3.061e-01                  
          6.202e-01 3.798e-01         
                   7.301e-01 2.699e-01
tmat [37]
 5.909e-01 4.091e-01                  
          4.953e-01 5.047e-01         
                   6.086e-01 3.914e-01
tmat [38]
 6.933e-01 3.067e-01                  
          6.421e-01 3.579e-01         
                   6.581e-01 3.419e-01
tmat [39]
 8.097e-01 1.903e-01                  
          7.966e-01 2.034e-01         
                   8.749e-01 1.251e-01
tmat [40]
 7.986e-01 2.014e-01                  
          6.743e-01 3.257e-01         
                   6.490e-01 3.510e-01
tmat [41]
 6.594e-01 3.406e-01                  
          6.118e-01 3.882e-01         
                   6.256e-01 3.744e-01
tmat [42]
 6.733e-01 3.267e-01                  
          5.318e-01 4.682e-01         
                   5.541e-01 4.459e-01
tmat [43]
 6.574e-01 3.426e-01                  
          5.305e-01 4.695e-01         
                   5.675e-01 4.325e-01
tmat [44]
 8.824e-01 1.176e-01                  
          8.182e-01 1.818e-01         
                   8.462e-01 1.538e-01
tmat [45]
 5.966e-01 4.034e-01                  
          5.807e-01 4.193e-01         
                   6.323e-01 3.677e-01
tmat [46]
 7.557e-01 2.443e-01                  
          6.451e-01 3.549e-01         
                   5.865e-01 4.135e-01
tmat [47]
 8.180e-01 1.820e-01                  
          7.179e-01 2.821e-01         
                   5.429e-01 4.571e-01
tmat [48]
 7.149e-01 2.851e-01                  
          6.475e-01 3.525e-01         
                   6.409e-01 3.591e-01
tmat [49]
 7.090e-01 2.910e-01                  
          6.718e-01 3.282e-01         
                   7.720e-01 2.280e-01
tmat [50]
 7.773e-01 2.227e-01                  
          6.462e-01 3.538e-01         
                   6.065e-01 3.935e-01
tmat [51]
 8.496e-01 1.504e-01                  
          7.792e-01 2.208e-01         
                   8.010e-01 1.990e-01
tmat [52]
 6.379e-01 3.621e-01                  
          7.083e-01 2.917e-01         
                   6.636e-01 3.364e-01
tmat [53]
 7.950e-01 2.050e-01                  
          6.933e-01 3.067e-01         
                   6.431e-01 3.569e-01
tmat [54]
 6.385e-01 3.615e-01                  
          6.806e-01 3.194e-01         
                   6.266e-01 3.734e-01
tmat [55]
 6.587e-01 3.413e-01                  
          6.957e-01 3.043e-01         
                   6.792e-01 3.208e-01
tmat [56]
 7.113e-01 2.887e-01                  
          5.211e-01 4.789e-01         
                   4.986e-01 5.014e-01
tmat [57]
 7.825e-01 2.175e-01                  
          6.813e-01 3.187e-01         
                   6.166e-01 3.834e-01
tmat [58]
 7.665e-01 2.335e-01                  
          5.240e-01 4.760e-01         
                   5.674e-01 4.326e-01
tmat [59]
 7.698e-01 2.302e-01                  
          5.298e-01 4.702e-01         
                   4.687e-01 5.313e-01
tmat [60]
 7.231e-01 2.769e-01                  
          6.934e-01 3.066e-01         
                   6.893e-01 3.107e-01
tmat [61]
 6.520e-01 3.480e-01                  
          6.972e-01 3.028e-01         
                   7.325e-01 2.675e-01
tmat [62]
 6.114e-01 3.886e-01                  
          5.664e-01 4.336e-01         
                   5.444e-01 4.556e-01
tmat [63]
 7.375e-01 2.625e-01                  
          6.684e-01 3.316e-01         
                   6.162e-01 3.838e-01
tmat [64]
 9.429e-01 5.711e-02                  
          8.551e-01 1.449e-01         
                   8.039e-01 1.961e-01
tmat [65]
 6.097e-01 3.903e-01                  
          5.476e-01 4.524e-01         
                   6.921e-01 3.079e-01
tmat [66]
 7.402e-01 2.598e-01                  
          5.353e-01 4.647e-01         
                   6.728e-01 3.272e-01
tmat [67]
 7.326e-01 2.674e-01                  
          6.580e-01 3.420e-01         
                   7.014e-01 2.986e-01
tmat [68]
 7.568e-01 2.432e-01                  
          5.518e-01 4.482e-01         
                   4.984e-01 5.016e-01
tmat [69]
 6.835e-01 3.165e-01                  
          5.511e-01 4.489e-01         
                   5.489e-01 4.511e-01
tmat [70]
 5.769e-01 4.231e-01                  
          6.597e-01 3.403e-01         
                   6.948e-01 3.052e-01
tmat [71]
 6.062e-01 3.938e-01                  
          7.273e-01 2.727e-01         
                   7.779e-01 2.221e-01
tmat [72]
 7.023e-01 2.977e-01                  
          6.102e-01 3.898e-01         
                   6.855e-01 3.145e-01
tmat [73]
 8.172e-01 1.828e-01                  
          6.364e-01 3.636e-01         
                   6.752e-01 3.248e-01
tmat [74]
 8.022e-01 1.978e-01                  
          7.829e-01 2.171e-01         
                   6.385e-01 3.615e-01
tmat [75]
 7.190e-01 2.810e-01                  
          6.363e-01 3.637e-01         
                   6.688e-01 3.312e-01
tmat [76]
 8.002e-01 1.998e-01                  
          7.599e-01 2.401e-01         
                   7.813e-01 2.187e-01
tmat [77]
 6.751e-01 3.249e-01                  
          6.322e-01 3.678e-01         
                   6.223e-01 3.777e-01
tmat [78]
 8.143e-01 1.857e-01                  
          6.931e-01 3.069e-01         
                   6.559e-01 3.441e-01
tmat [79]
 5.852e-01 4.148e-01                  
          5.711e-01 4.289e-01         
                   5.072e-01 4.928e-01
