tmat 79 4
tmat [0]
	 7.914588e-001 2.085412e-001		
		 7.545431e-001 2.454569e-001	
			 7.809411e-001 2.190589e-001
tmat [1]
	 7.832960e-001 2.167040e-001		
		 5.773591e-001 4.226410e-001	
			 6.736869e-001 3.263131e-001
tmat [2]
	 7.538276e-001 2.461723e-001		
		 6.112183e-001 3.887817e-001	
			 8.511424e-001 1.488576e-001
tmat [3]
	 5.968840e-001 4.031160e-001		
		 7.509863e-001 2.490137e-001	
			 5.940885e-001 4.059115e-001
tmat [4]
	 8.171456e-001 1.828544e-001		
		 8.120337e-001 1.879663e-001	
			 8.584593e-001 1.415407e-001
tmat [5]
	 9.219276e-001 7.807239e-002		
		 7.092015e-001 2.907985e-001	
			 7.763215e-001 2.236786e-001
tmat [6]
	 8.866981e-001 1.133019e-001		
		 7.795621e-001 2.204380e-001	
			 5.135623e-001 4.864378e-001
tmat [7]
	 5.363417e-001 4.636583e-001		
		 6.342787e-001 3.657213e-001	
			 6.429616e-001 3.570384e-001
tmat [8]
	 7.320170e-001 2.679829e-001		
		 6.669650e-001 3.330350e-001	
			 5.894565e-001 4.105435e-001
tmat [9]
	 7.118669e-001 2.881331e-001		
		 5.937809e-001 4.062190e-001	
			 6.506127e-001 3.493873e-001
tmat [10]
	 7.946281e-001 2.053718e-001		
		 7.639573e-001 2.360427e-001	
			 8.204600e-001 1.795400e-001
tmat [11]
	 7.274421e-001 2.725578e-001		
		 7.993848e-001 2.006153e-001	
			 8.282845e-001 1.717155e-001
tmat [12]
	 7.624518e-001 2.375481e-001		
		 5.601403e-001 4.398597e-001	
			 6.256203e-001 3.743797e-001
tmat [13]
	 7.023810e-001 2.976190e-001		
		 7.703334e-001 2.296666e-001	
			 8.445914e-001 1.554086e-001
tmat [14]
	 7.061496e-001 2.938505e-001		
		 6.816009e-001 3.183992e-001	
			 7.449241e-001 2.550759e-001
tmat [15]
	 7.074345e-001 2.925655e-001		
		 6.946518e-001 3.053482e-001	
			 7.395746e-001 2.604254e-001
tmat [16]
	 7.596351e-001 2.403649e-001		
		 8.110218e-001 1.889782e-001	
			 6.793103e-001 3.206897e-001
tmat [17]
	 6.560506e-001 3.439494e-001		
		 6.388054e-001 3.611946e-001	
			 7.375176e-001 2.624824e-001
tmat [18]
	 7.311646e-001 2.688354e-001		
		 7.533939e-001 2.466061e-001	
			 7.902066e-001 2.097934e-001
tmat [19]
	 6.773359e-001 3.226642e-001		
		 7.256969e-001 2.743030e-001	
			 7.077777e-001 2.922224e-001
tmat [20]
	 6.676635e-001 3.323365e-001		
		 7.115439e-001 2.884561e-001	
			 8.098322e-001 1.901677e-001
tmat [21]
	 6.820638e-001 3.179363e-001		
		 7.262251e-001 2.737749e-001	
			 7.120773e-001 2.879227e-001
tmat [22]
	 7.125201e-001 2.874799e-001		
		 5.905780e-001 4.094220e-001	
			 6.409376e-001 3.590623e-001
tmat [23]
	 7.196656e-001 2.803344e-001		
		 6.905223e-001 3.094777e-001	
			 8.071947e-001 1.928053e-001
tmat [24]
	 7.997950e-001 2.002050e-001		
		 7.655640e-001 2.344360e-001	
			 7.962861e-001 2.037139e-001
tmat [25]
	 7.458230e-001 2.541770e-001		
		 6.337483e-001 3.662517e-001	
			 7.006171e-001 2.993829e-001
tmat [26]
	 7.352238e-001 2.647762e-001		
		 7.195248e-001 2.804752e-001	
			 7.549578e-001 2.450422e-001
tmat [27]
	 7.309390e-001 2.690610e-001		
		 7.290554e-001 2.709446e-001	
			 7.182729e-001 2.817271e-001
tmat [28]
	 7.786207e-001 2.213793e-001		
		 7.919033e-001 2.080967e-001	
			 8.200405e-001 1.799595e-001
tmat [29]
	 7.240127e-001 2.759874e-001		
		 8.022174e-001 1.977826e-001	
			 8.181723e-001 1.818276e-001
tmat [30]
	 8.895829e-001 1.104171e-001		
		 8.674787e-001 1.325213e-001	
			 8.827740e-001 1.172260e-001
tmat [31]
	 9.260235e-001 7.397646e-002		
		 9.247119e-001 7.528819e-002	
			 7.839486e-001 2.160514e-001
tmat [32]
	 7.416846e-001 2.583153e-001		
		 6.969865e-001 3.030135e-001	
			 6.566368e-001 3.433633e-001
tmat [33]
	 4.589375e-001 5.410625e-001		
		 7.643811e-001 2.356189e-001	
			 8.195905e-001 1.804095e-001
tmat [34]
	 8.868251e-001 1.131749e-001		
		 8.799184e-001 1.200816e-001	
			 9.102806e-001 8.971936e-002
tmat [35]
	 8.379207e-001 1.620793e-001		
		 7.828565e-001 2.171435e-001	
			 7.204366e-001 2.795634e-001
tmat [36]
	 7.593527e-001 2.406472e-001		
		 8.080464e-001 1.919536e-001	
			 8.530052e-001 1.469949e-001
tmat [37]
	 6.643599e-001 3.356401e-001		
		 5.555552e-001 4.444447e-001	
			 6.788644e-001 3.211356e-001
tmat [38]
	 7.059569e-001 2.940431e-001		
		 6.897863e-001 3.102137e-001	
			 7.746024e-001 2.253976e-001
tmat [39]
	 8.583787e-001 1.416213e-001		
		 6.285374e-001 3.714626e-001	
			 6.412923e-001 3.587078e-001
tmat [40]
	 8.632061e-001 1.367939e-001		
		 7.131035e-001 2.868965e-001	
			 7.230880e-001 2.769119e-001
tmat [41]
	 5.000000e-001 5.000000e-001		
		 5.000000e-001 5.000000e-001	
			 5.000000e-001 5.000000e-001
tmat [42]
	 7.625442e-001 2.374558e-001		
		 6.602466e-001 3.397534e-001	
			 5.013130e-001 4.986871e-001
tmat [43]
	 8.125151e-001 1.874849e-001		
		 7.893675e-001 2.106325e-001	
			 8.543886e-001 1.456114e-001
tmat [44]
	 8.369695e-001 1.630305e-001		
		 9.053357e-001 9.466424e-002	
			 9.218698e-001 7.813025e-002
tmat [45]
	 7.196128e-001 2.803871e-001		
		 6.033602e-001 3.966399e-001	
			 7.049884e-001 2.950116e-001
tmat [46]
	 8.004422e-001 1.995578e-001		
		 7.810131e-001 2.189870e-001	
			 8.203250e-001 1.796750e-001
tmat [47]
	 7.353802e-001 2.646197e-001		
		 5.452343e-001 4.547657e-001	
			 6.551785e-001 3.448215e-001
tmat [48]
	 8.620690e-001 1.379310e-001		
		 8.857142e-001 1.142858e-001	
			 8.918918e-001 1.081082e-001
tmat [49]
	 7.412747e-001 2.587253e-001		
		 7.353570e-001 2.646430e-001	
			 5.677667e-001 4.322332e-001
tmat [50]
	 8.602284e-001 1.397715e-001		
		 7.215143e-001 2.784857e-001	
			 5.289300e-001 4.710700e-001
tmat [51]
	 7.261254e-001 2.738746e-001		
		 8.195992e-001 1.804009e-001	
			 8.744103e-001 1.255897e-001
tmat [52]
	 7.606198e-001 2.393803e-001		
		 6.901702e-001 3.098297e-001	
			 6.510133e-001 3.489866e-001
tmat [53]
	 9.017494e-001 9.825063e-002		
		 8.923829e-001 1.076171e-001	
			 9.441398e-001 5.586028e-002
tmat [54]
	 8.252903e-001 1.747097e-001		
		 7.164609e-001 2.835392e-001	
			 6.413711e-001 3.586289e-001
tmat [55]
	 6.414238e-001 3.585762e-001		
		 6.980596e-001 3.019405e-001	
			 5.510886e-001 4.489114e-001
tmat [56]
	 7.648886e-001 2.351115e-001		
		 6.857051e-001 3.142949e-001	
			 6.160960e-001 3.839041e-001
tmat [57]
	 7.365530e-001 2.634471e-001		
		 5.324003e-001 4.675997e-001	
			 4.895546e-001 5.104454e-001
tmat [58]
	 7.047818e-001 2.952181e-001		
		 6.627098e-001 3.372902e-001	
			 6.339433e-001 3.660568e-001
tmat [59]
	 7.346021e-001 2.653979e-001		
		 7.433685e-001 2.566315e-001	
			 7.143645e-001 2.856355e-001
tmat [60]
	 7.801486e-001 2.198515e-001		
		 8.523967e-001 1.476033e-001	
			 9.701639e-001 2.983601e-002
tmat [61]
	 7.273943e-001 2.726056e-001		
		 6.152646e-001 3.847354e-001	
			 7.401581e-001 2.598419e-001
tmat [62]
	 7.029590e-001 2.970410e-001		
		 7.113957e-001 2.886043e-001	
			 7.851369e-001 2.148631e-001
tmat [63]
	 7.752818e-001 2.247183e-001		
		 5.849978e-001 4.150021e-001	
			 5.577347e-001 4.422653e-001
tmat [64]
	 5.851812e-001 4.148187e-001		
		 7.659421e-001 2.340579e-001	
			 5.160693e-001 4.839307e-001
tmat [65]
	 7.767990e-001 2.232010e-001		
		 5.468045e-001 4.531955e-001	
			 4.605131e-001 5.394869e-001
tmat [66]
	 8.126847e-001 1.873153e-001		
		 8.320479e-001 1.679520e-001	
			 8.820639e-001 1.179361e-001
tmat [67]
	 6.298154e-001 3.701846e-001		
		 7.724938e-001 2.275062e-001	
			 7.107823e-001 2.892177e-001
tmat [68]
	8.763326e-001 1.236674e-001 
		9.234415e-001 7.655852e-002 
			9.386330e-001 6.136699e-002
tmat [69]
 	9.458786e-001 5.412140e-002
		7.264746e-001 2.735254e-001 
			9.226411e-001 7.735890e-002
tmat [70]
	9.691779e-001 3.082211e-002
		9.359159e-001 6.408407e-002 
			9.490293e-001 5.097071e-002
tmat [71]
	9.090540e-001 9.094605e-002
		9.057476e-001 9.425239e-002
			9.328494e-001 6.715065e-002
tmat [72]
	7.146924e-001 2.853077e-001
		3.923613e-001 6.076387e-001
			5.905806e-001 4.094194e-001
tmat [73]
	8.965381e-001 1.034618e-001
		9.565731e-001 4.342686e-002
			9.348450e-001 6.515502e-002
tmat [74]
	9.066269e-001 9.337305e-002
		9.335969e-001 6.640312e-002
			9.499910e-001 5.000898e-002
tmat [75]
	8.169928e-001 1.830072e-001
		5.557935e-001 4.442064e-001
			8.344747e-001 1.655252e-001
tmat [76]
	9.529312e-001 4.706879e-002
		9.609081e-001 3.909200e-002
			9.571362e-001 4.286376e-002
tmat [77]
	8.527328e-001 1.472671e-001
		7.942680e-001 2.057321e-001
			9.288672e-001 7.113288e-002
tmat [78]
	9.507261e-001 4.927389e-002
		9.328470e-001 6.715304e-002
			9.620576e-001 3.794242e-002
